4.38572 -3.41548
3.98485 5.5389

3.70933 -3.41765
3.31295 5.51262

2.6712 5.5162
3.00049 -3.40554

9.48921 8.8321
2.29231 -3.43576

8.81587 8.76991

-9.79565 -8.75479
0.610046 5.49925

7.39718 8.70398
8.55682 -4.3826

-0.728309 -3.48894

5.90048 8.61398
6.94205 -4.46045

5.17894 8.54896
6.1122 -4.47795

4.36879 8.51862
-3.16986 5.47113
-3.12682 -3.48184

7.04145 -3.63503
3.59767 8.5465
-3.9782 5.49466

2.79393 8.53519
3.62463 -4.54387
-4.77636 5.50136

2.78791 -4.50819

-6.45884 5.55756

1.10288 -4.52422

-0.508379 8.48256
0.252592 -4.52331

-1.3512 8.50321
-0.614151 -4.55211

-4.89258 -9.11997
-2.22971 8.48858

-2.36811 -4.55979

-3.97254 8.50547
-3.25356 -4.55828

1.53265 8.3089
-4.87287 8.48648

-8.56764 -9.0835
-5.74868 8.50693
-5.071 -4.56782


-0.715855 8.41736
-7.56293 8.54495
-6.91409 -4.59434

-1.64614 8.40194
2.86655 -3.57897
-7.82623 -4.59469

-2.85353 8.30883
1.98639 -3.61593
-9.47099 8.50641

1.05808 -6.0715

-4.89144 8.27968
-0.329561 -6.21118

-8.65869 -3.58268

-9.69872 -3.57198
-1.63863 -3.6657

5.95957 8.0942
-7.3545 8.31449



7.60256 -3.37746

2.19132 8.29938
6.61215 -3.52344
-6.37938 -3.71377

-7.41697 -3.72393

9.28823 -6.24018
-8.34385 -3.71941

-9.32143 -3.7127
0.38754 9.68007


-1.61101 9.67236

-3.86926 8.01097
7.59689 8.61624
-2.56715 9.68026

0.00528373 -3.47584

-5.46833 8.29054

-6.5752 8.37012
4.6083 8.58606
-5.55328 9.65891

-2.99683 -3.46327
3.72199 8.48175


-9.57387 8.1928

0.610632 8.47533

8.23482 -3.58179
-0.268441 8.44131

7.25299 -3.54347
-8.11486 -3.4585

