2
4.38572	-3.41548	-0.0753515	0.0815978	0.993813
3.98485	5.5389	0.0129142	-0.0229484	0.999653
2
3.70933	-3.41765	-0.025408	0.0298752	0.999231
3.31295	5.51262	0.0877212	0.081721	0.992787
2
2.6712	5.5162	0.00905341	0.0234955	0.999683
3.00049	-3.40554	-0.153685	0.086137	0.984358
2
9.48921	8.8321	-0.246088	-0.0695168	0.966751
2.29231	-3.43576	-0.0268573	0.0396695	0.998852
1
8.81587	8.76991	-0.124835	-0.00226209	0.992175
2
-9.79565	-8.75479	-0.0828899	0.114373	0.989974
0.610046	5.49925	0.027881	0.105219	0.994058
2
7.39718	8.70398	-0.143595	-0.01785	0.989476
8.55682	-4.3826	-0.0106434	0.0157567	0.999819
1
-0.728309	-3.48894	0.0259864	-0.0356402	0.999027
2
5.90048	8.61398	-0.108943	-0.0121281	0.993974
6.94205	-4.46045	-0.00465791	0.00259079	0.999986
2
5.17894	8.54896	-0.144713	0.0160108	0.989344
6.1122	-4.47795	0.00582654	0.0211618	0.999759
3
4.36879	8.51862	-0.16666	-0.0264603	0.985659
-3.16986	5.47113	-0.020511	-0.0377558	0.999076
-3.12682	-3.48184	-0.0354633	0.00744689	0.999343
3
7.04145	-3.63503	-0.149703	-0.0197944	0.988533
3.59767	8.5465	-0.101365	-0.034263	0.994259
-3.9782	5.49466	-0.0164778	0.0782713	0.996796
3
2.79393	8.53519	-0.117547	0.0285135	0.992658
3.62463	-4.54387	0.0124685	-0.0161856	0.999791
-4.77636	5.50136	-0.0445319	0.00361257	0.999001
1
2.78791	-4.50819	0.0682005	-0.0303987	0.997208
1
-6.45884	5.55756	0.0191293	0.204024	0.978779
1
1.10288	-4.52422	-0.06724	0.051704	0.996396
2
-0.508379	8.48256	-0.112601	-0.0767652	0.990671
0.252592	-4.52331	-0.0133085	0.0316768	0.999409
2
-1.3512	8.50321	-0.144815	-0.000510558	0.989459
-0.614151	-4.55211	0.0199984	0.0370194	0.999114
2
-4.89258	-9.11997	-0.0147178	-0.0513606	0.998572
-2.22971	8.48858	-0.101398	0.0413096	0.993988
1
-2.36811	-4.55979	0.00111551	-0.0133625	0.99991
2
-3.97254	8.50547	-0.133162	-0.00474671	0.991083
-3.25356	-4.55828	0.0474519	0.0423808	0.997974
2
1.53265	8.3089	-0.118971	0.178643	0.976695
-4.87287	8.48648	-0.105007	-0.0840469	0.990914
3
-8.56764	-9.0835	-0.0614761	0.0784196	0.995023
-5.74868	8.50693	-0.114944	-0.0343022	0.99278
-5.071	-4.56782	0.0120037	0.036401	0.999265
0
3
-0.715855	8.41736	0.0196871	-0.0527388	0.998414
-7.56293	8.54495	-0.112209	-0.0109431	0.993624
-6.91409	-4.59434	0.00657637	0.0456591	0.998935
3
-1.64614	8.40194	0.116748	0.0346987	0.992555
2.86655	-3.57897	0.13819	0.0504782	0.989119
-7.82623	-4.59469	0.0588334	0.0350681	0.997652
