2
3.44551	4.08848	-0.0827759	-0.99476	-0.0600113
-5.51309	3.75382	0.0224286	-0.999369	0.0275422
2
3.38927	4.27776	-0.0311873	-0.999446	-0.0116023
-5.54049	3.92413	-0.0824054	-0.991395	0.10171
2
-5.60155	4.13208	-0.0251904	-0.999449	0.0216211
3.32805	4.44743	-0.0883614	-0.986047	-0.141082
2
-8.96458	11.8112	0.0669831	-0.969634	-0.23521
3.3017	4.59269	-0.0419779	-0.998999	-0.0154844
1
-8.96546	11.9781	-0.000445907	-0.993396	-0.114737
2
8.58551	-5.72665	-0.117465	-0.990294	-0.0742918
-5.71564	4.60668	-0.10863	-0.993411	0.0365366
2
-9.02386	12.2523	0.0146939	-0.990635	-0.135747
4.06296	13.4549	-0.0195926	-0.999804	-0.00288326
1
3.1562	5.02153	0.0310481	-0.998977	0.0328925
2
-9.04295	12.4394	0.00819096	-0.99461	-0.103364
4.02549	13.5744	-0.0074885	-0.999972	0.000816398
2
-9.02125	12.5727	-0.0198185	-0.989868	-0.140601
3.99792	13.6093	-0.026681	-0.999595	0.0099158
3
-9.04909	12.6156	0.0227471	-0.986331	-0.163196
-5.90749	5.07476	0.0320535	-0.999344	-0.0168705
3.05976	5.24177	-0.012951	-0.999391	-0.0324115
3
3.00803	16.3219	0.0156487	-0.988948	-0.147436
-9.12309	12.6675	0.0293477	-0.994667	-0.0988742
-5.91732	5.11231	-0.0844707	-0.996302	-0.015694
3
-9.1301	12.7145	-0.0334221	-0.992542	-0.117232
3.91666	13.7223	0.00898672	-0.999868	0.0135371
-5.97488	5.17257	-0.00982368	-0.998992	-0.0437956
